2.0440461e-015
9.5346375e-015
4.2731280e-014
1.8399916e-013
7.6122670e-013
3.0258013e-012
1.1555667e-011
  4.2401169e-011
  1.4948199e-010
  5.0632357e-010
  1.6477664e-009
  5.1521838e-009
  1.5478015e-008
  4.4675295e-008
  1.2389329e-007
  3.3010826e-007
  8.4507101e-007
  2.0785393e-006
  4.9119223e-006
  1.1152519e-005
  2.4328910e-005
  5.0991828e-005
  1.0268493e-004
  1.9867402e-004
  3.6932070e-004
  6.5962097e-004
  1.1319141e-003
  1.8662109e-003
  2.9562161e-003
  4.4992472e-003
  6.5791799e-003
  9.2434029e-003
  1.2477289e-002
  1.6182171e-002
  2.0164227e-002
  2.4140963e-002
  2.7768717e-002
  3.0689178e-002
  3.2586891e-002
  3.3245190e-002
  3.2586892e-002
  3.0689180e-002
  2.7768719e-002
  2.4140966e-002
  2.0164233e-002
  1.6182182e-002
  1.2477307e-002
  9.2434342e-003
  6.5792322e-003
  4.4993339e-003
  2.9563583e-003
  1.8664419e-003
  1.1322857e-003
  6.6021251e-004
  3.7025309e-004
  2.0012899e-004
  1.0493282e-004
  5.4430173e-005
  2.9535840e-005
  1.8959282e-005
  1.6500158e-005
  1.9108777e-005
  2.5623920e-005
  3.6024388e-005
  5.1030384e-005
  7.1924127e-005
  1.0049867e-004
  1.3907696e-004
  1.9056609e-004
  2.5852500e-004
  3.4723121e-004
  4.6173472e-004
  6.0788788e-004
  7.9233987e-004
  1.0224842e-003
  1.3063476e-003
  1.6524105e-003
  2.0693512e-003
  2.5657098e-003
  3.1494730e-003
  3.8275892e-003
  4.6054259e-003
  5.4861962e-003
  6.4703820e-003
  7.5551931e-003
  8.7341022e-003
  9.9965012e-003
  1.1327520e-002
  1.2708044e-002
  1.4114959e-002
  1.5521640e-002
  1.6898674e-002
  1.8214813e-002
  1.9438102e-002
  2.0537144e-002
  2.1482425e-002
  2.2247623e-002
  2.2810824e-002
  2.3155565e-002
  2.3271633e-002
  2.3155565e-002
  2.2810824e-002
  2.2247623e-002
  2.1482425e-002
  2.0537144e-002
  1.9438102e-002
  1.8214813e-002
  1.6898674e-002
  1.5521640e-002
  1.4114959e-002
  1.2708044e-002
  1.1327520e-002
  9.9965012e-003
  8.7341022e-003
  7.5551931e-003
  6.4703820e-003
  5.4861962e-003
  4.6054259e-003
  3.8275892e-003
  3.1494730e-003
  2.5657098e-003
  2.0693512e-003
  1.6524105e-003
  1.3063476e-003
  1.0224842e-003
  7.9233987e-004
  6.0788786e-004
  4.6173468e-004
  3.4723106e-004
  2.5852449e-004
  1.9056444e-004
  1.3907181e-004
  1.0048319e-004
  7.1879451e-005
  5.0906491e-005
  3.5694279e-005
  2.4778849e-005
  1.7030237e-005
  1.1588236e-005
  7.8067632e-006
  5.2069300e-006
  3.4383456e-006
  2.2478865e-006
  1.4549775e-006
  9.3238490e-007
  5.9154970e-007
  3.7157314e-007
  2.3107578e-007
  1.4227271e-007
  8.6725305e-008
  5.2339205e-008
  3.1272706e-008
  1.8499537e-008
  1.0834611e-008
  6.2823600e-009
  3.6065286e-009
  2.0498071e-009
  1.1534365e-009
  6.4258621e-010
  3.5442650e-010
  1.9354325e-010
  1.0463739e-010
  5.6008361e-011
  2.9680818e-011
  1.5572414e-011
  8.0889666e-012
  4.1599414e-012
  2.1180609e-012
  1.0676938e-012
  5.3285869e-013
  2.6329005e-013
  1.2879941e-013
  6.2380721e-014
  2.9911896e-014
  1.4200203e-014
  6.6742462e-015
  3.1057532e-015
  1.4308322e-015
  6.5263078e-016
  2.9471581e-016
  1.3176388e-016
  5.8323876e-017
  2.5559563e-017
  1.1089642e-017
  4.7636375e-018
  2.0258949e-018
  8.5300621e-019
  3.5558589e-019
  1.4675534e-019
  5.9965346e-020
  2.4258494e-020
  9.7159302e-021
  3.8526716e-021
  1.5125044e-021
  5.8787956e-022
  2.2622320e-022
  8.6187237e-023
  3.2509167e-023
  1.2140198e-023
  4.4885159e-024
